[Tuya]   - BB 00 01 04 02 01 00 BD  --- request status
[aircon] - BB 01 00 04 37 04 00 21 8A 00 00 00 00 00 00 00 00 78 03 08 00 00 00 00 00 00 00 00 00 00 78 FF 00 00 00 FF FF 14 00 00 80 00 00 00 00 00 00 00 00 54 40 00 00 00 00 7A 00 00 00 00 28 
[Tuya]   - BB 00 01 04 02 01 00 BD  --- request status
[aircon] - BB 01 00 04 37 04 00 21 8A 00 00 00 00 00 00 00 00 78 03 08 00 00 00 00 00 00 00 00 00 00 78 FF 00 00 00 FF FF 14 00 00 80 00 00 00 00 00 00 00 00 54 40 00 00 00 00 7A 00 00 00 00 28 
[Tuya]   - BB 00 01 05 09 00 00 00 00 00 00 00 00 04 B2 
[aircon] - BB 01 00 05 0B 04 00 00 00 00 00 00 00 00 00 04 B4 
[Tuya]   - BB 00 01 04 02 01 00 BD  --- request status
[aircon] - BB 01 00 04 37 04 00 21 8A 00 00 00 00 00 00 00 00 78 03 08 00 00 00 00 00 00 00 00 00 00 78 FF 00 00 00 34 30 42 00 00 80 00 00 00 00 D9 00 00 00 54 40 00 00 00 00 7A 00 00 00 00 A3 
[Tuya]   - BB 00 01 05 09 00 00 00 00 00 00 00 00 02 B4 
[aircon] - BB 01 00 05 0B 04 00 00 00 00 00 00 00 00 00 02 B2 
[Tuya]   - BB 00 01 05 09 00 00 00 00 00 00 00 00 01 B7 
[aircon] - BB 01 00 05 0B 04 00 00 00 00 00 00 00 00 00 01 B1 
[Tuya]   - BB 00 01 04 02 01 00 BD  --- request status
[aircon] - BB 01 00 04 37 04 00 21 8A 00 00 00 00 00 00 00 00 78 03 08 00 00 00 00 00 00 00 00 00 00 78 FF 00 00 00 34 31 42 00 00 80 00 00 00 00 E8 00 00 00 54 40 00 00 00 00 7A 00 00 00 00 93 
[Tuya]   - BB 00 01 0A 03 05 00 00 B6 ----- HB_10S_2
[aircon] - BB 01 00 0A 2D 04 00 04 00 00 00 00 00 00 00 00 00 00 00 00 00 00 00 00 00 00 00 00 00 00 00 00 00 00 00 00 00 00 00 00 00 00 00 00 00 00 00 00 00 00 9D 
[Tuya]   - BB 00 01 09 02 05 00 B4 ---- HB_10S_1
[aircon] - BB 01 00 09 2D 04 00 00 00 00 00 00 FF 00 00 00 00 00 FF FF 00 00 00 00 00 00 F0 FF 00 00 00 00 00 00 00 00 00 00 00 00 00 00 00 00 00 00 00 00 00 00 6A 
[Tuya]   - BB 00 01 04 02 01 00 BD  --- request status
[aircon] - BB 01 00 04 37 04 00 21 8A 00 00 00 00 00 00 00 00 78 03 08 00 00 00 00 00 00 00 00 00 00 78 FF 00 00 00 34 31 42 00 00 80 00 00 00 00 E7 00 00 00 54 40 00 00 00 00 7A 00 00 00 00 9C 
[Tuya]   - BB 00 01 04 02 01 00 BD  --- request status
[aircon] - BB 01 00 04 37 04 00 21 8A 00 00 00 00 00 00 00 00 78 03 08 00 00 00 00 00 00 00 00 00 00 78 FF 00 00 00 34 31 42 00 00 80 00 00 00 00 E8 00 00 00 54 40 00 00 00 00 7A 00 00 00 00 93 
[Tuya]   - BB 00 01 04 02 01 00 BD  --- request status
[aircon] - BB 01 00 04 37 04 00 21 8A 00 00 00 00 00 00 00 00 78 03 08 00 00 00 00 00 00 00 00 00 00 78 FF 00 00 00 34 31 42 00 00 80 00 00 00 00 E8 00 00 00 54 40 00 00 00 00 7A 00 00 00 00 93 
[Tuya]   - BB 00 01 0B 10 05 00 E8 07 03 01 0B 1A 1C 00 00 00 00 00 00 00 44 
[Tuya]   - BB 00 01 0A 03 05 00 00 B6 ----- HB_10S_2
[aircon] - BB 01 00 0B 02 04 00 B7 
[Tuya]   - BB 00 01 0A 03 05 00 00 B6 ----- HB_10S_2
[aircon] - BB 01 00 0A 2D 04 00 04 00 00 00 00 00 00 00 00 00 00 00 00 00 00 00 00 00 00 00 00 00 00 00 00 00 00 00 00 00 00 00 00 00 00 00 00 00 00 00 00 00 00 9D 
[Tuya]   - BB 00 01 09 02 05 00 B4 ---- HB_10S_1
[aircon] - BB 01 00 09 2D 04 00 00 00 00 00 00 FF 00 00 00 00 00 FF FF 00 00 00 00 00 00 F0 FF 00 00 00 00 00 00 00 00 00 00 00 00 00 00 00 00 00 00 00 00 00 00 6A 
[Tuya]   - BB 00 01 04 02 01 00 BD  --- request status
[aircon] - BB 01 00 04 37 04 00 21 8A 00 00 00 00 00 00 00 00 78 03 08 00 00 00 00 00 00 00 00 00 00 78 FF 00 00 00 34 31 42 00 00 80 00 00 00 00 E8 00 00 00 54 40 00 00 00 00 7A 00 00 00 00 93 
[Tuya]   - BB 00 01 04 02 01 00 BD  --- request status
[aircon] - BB 01 00 04 37 04 00 21 8A 00 00 00 00 00 00 00 00 78 03 08 00 00 00 00 00 00 00 00 00 00 78 FF 00 00 00 34 31 42 00 00 80 00 00 00 00 E8 00 00 00 54 40 00 00 00 00 7A 00 00 00 00 93 
[Tuya]   - BB 00 01 04 02 01 00 BD  --- request status
[aircon] - BB 01 00 04 37 04 00 21 8A 00 00 00 00 00 00 00 00 78 03 08 00 00 00 00 00 00 00 00 00 00 78 FF 00 00 00 34 31 42 00 00 80 00 00 00 00 E8 00 00 00 54 40 00 00 00 00 7A 00 00 00 00 93 
[Tuya]   - BB 00 01 0A 03 05 00 00 B6 ----- HB_10S_2
[aircon] - BB 01 00 0A 2D 04 00 04 00 00 00 00 00 00 00 00 00 00 00 00 00 00 00 00 00 00 00 00 00 00 00 00 00 00 00 00 00 00 00 00 00 00 00 00 00 00 00 00 00 00 9D 
[Tuya]   - BB 00 01 09 02 05 00 B4 ---- HB_10S_1
[aircon] - BB 01 00 09 2D 04 00 00 00 00 00 00 FF 00 00 00 00 00 FF FF 00 00 00 00 00 00 F0 FF 00 00 00 00 00 00 00 00 00 00 00 00 00 00 00 00 00 00 00 00 00 00 6A 
[Tuya]   - BB 00 01 04 02 01 00 BD  --- request status
[aircon] - BB 01 00 04 37 04 00 21 8A 00 00 00 00 00 00 00 00 78 03 08 00 00 00 00 00 00 00 00 00 00 78 FF 00 00 00 34 31 42 00 00 80 00 00 00 00 E8 00 00 00 54 40 00 00 00 00 7A 00 00 00 00 93 
[Tuya]   - BB 00 01 04 02 01 00 BD  --- request status
[aircon] - BB 01 00 04 37 04 00 21 8A 00 00 00 00 00 00 00 00 78 03 08 00 00 00 00 00 00 00 00 00 00 78 FF 00 00 00 34 31 42 00 00 80 00 00 00 00 E7 00 00 00 54 40 00 00 00 00 7A 00 00 00 00 9C 
[Tuya]   - BB 00 01 04 02 01 00 BD  --- request status
[aircon] - BB 01 00 04 37 04 00 21 8A 00 00 00 00 00 00 00 00 78 03 08 00 00 00 00 00 00 00 00 00 00 78 FF 00 00 00 34 31 42 00 00 80 00 00 00 00 E7 00 00 00 54 40 00 00 00 00 7A 00 00 00 00 9C 
[Tuya]   - BB 00 01 04 02 01 00 BD  --- request status
[aircon] - BB 01 00 04 37 04 00 21 8A 00 00 00 00 00 00 00 00 78 03 08 00 00 00 00 00 00 00 00 00 00 78 FF 00 00 00 34 31 42 00 00 80 00 00 00 00 E7 00 00 00 54 40 00 00 00 00 7A 00 00 00 00 9C 
[Tuya]   - BB 00 01 0A 03 05 00 00 B6 ----- HB_10S_2
[aircon] - BB 01 00 0A 2D 04 00 04 00 00 00 00 00 00 00 00 00 00 00 00 00 00 00 00 00 00 00 00 00 00 00 00 00 00 00 00 00 00 00 00 00 00 00 00 00 00 00 00 00 00 9D 
[Tuya]   - BB 00 01 09 02 05 00 B4 ---- HB_10S_1
[aircon] - BB 01 00 09 2D 04 00 00 00 00 00 00 FF 00 00 00 00 00 FF FF 00 00 00 00 00 00 F0 FF 00 00 00 00 00 00 00 00 00 00 00 00 00 00 00 00 00 00 00 00 00 00 6A 
[Tuya]   - BB 00 01 04 02 01 00 BD  --- request status
[aircon] - BB 01 00 04 37 04 00 21 8A 00 00 00 00 00 00 00 00 78 03 08 00 00 00 00 00 00 00 00 00 00 78 FF 00 00 00 34 31 42 00 00 80 00 00 00 00 E7 00 00 00 54 40 00 00 00 00 7A 00 00 00 00 9C 
[Tuya]   - BB 00 01 04 02 01 00 BD  --- request status
[aircon] - BB 01 00 04 37 04 00 21 8A 00 00 00 00 00 00 00 00 78 03 08 00 00 00 00 00 00 00 00 00 00 78 FF 00 00 00 34 31 42 00 00 80 00 00 00 00 E7 00 00 00 54 40 00 00 00 00 7A 00 00 00 00 9C 
[Tuya]   - BB 00 01 04 02 01 00 BD  --- request status
[aircon] - BB 01 00 04 37 04 00 21 8A 00 00 00 00 00 00 00 00 78 03 08 00 00 00 00 00 00 00 00 00 00 78 FF 00 00 00 34 31 42 00 00 80 00 00 00 00 E7 00 00 00 54 40 00 00 00 00 7A 00 00 00 00 9C 
[Tuya]   - BB 00 01 0A 03 05 00 00 B6 ----- HB_10S_2
[aircon] - BB 01 00 0A 2D 04 00 04 00 00 00 00 00 00 00 00 00 00 00 00 00 00 00 00 00 00 00 00 00 00 00 00 00 00 00 00 00 00 00 00 00 00 00 00 00 00 00 00 00 00 9D 
[Tuya]   - BB 00 01 09 02 05 00 B4 ---- HB_10S_1
[aircon] - BB 01 00 09 2D 04 00 00 00 00 00 00 FF 00 00 00 00 00 FF FF 00 00 00 00 00 00 F0 FF 00 00 00 00 00 00 00 00 00 00 00 00 00 00 00 00 00 00 00 00 00 00 6A 
[Tuya]   - BB 00 01 04 02 01 00 BD  --- request status
[aircon] - BB 01 00 04 37 04 00 21 8A 00 00 00 00 00 00 00 00 78 03 08 00 00 00 00 00 00 00 00 00 00 78 FF 00 00 00 34 31 42 00 00 80 00 00 00 00 E7 00 00 00 54 40 00 00 00 00 7A 00 00 00 00 9C 
[Tuya]   - BB 00 01 04 02 01 00 BD  --- request status
[aircon] - BB 01 00 04 37 04 00 21 8A 00 00 00 00 00 00 00 00 78 03 08 00 00 00 00 00 00 00 00 00 00 78 FF 00 00 00 34 31 42 00 00 80 00 00 00 00 E7 00 00 00 54 40 00 00 00 00 7A 00 00 00 00 9C 
[Tuya]   - BB 00 01 04 02 01 00 BD  --- request status
[aircon] - BB 01 00 04 37 04 00 21 8A 00 00 00 00 00 00 00 00 78 03 08 00 00 00 00 00 00 00 00 00 00 78 FF 00 00 00 34 31 42 00 00 80 00 00 00 00 E8 00 00 00 54 40 00 00 00 00 7A 00 00 00 00 93 
[Tuya]   - BB 00 01 0A 03 05 00 00 B6 ----- HB_10S_2
[aircon] - BB 01 00 0A 2D 04 00 04 00 00 00 00 00 00 00 00 00 00 00 00 00 00 00 00 00 00 00 00 00 00 00 00 00 00 00 00 00 00 00 00 00 00 00 00 00 00 00 00 00 00 9D 
[Tuya]   - BB 00 01 09 02 05 00 B4 ---- HB_10S_1
[aircon] - BB 01 00 09 2D 04 00 00 00 00 00 00 FF 00 00 00 00 00 FF FF 00 00 00 00 00 00 F0 FF 00 00 00 00 00 00 00 00 00 00 00 00 00 00 00 00 00 00 00 00 00 00 6A 
[Tuya]   - BB 00 01 04 02 01 00 BD  --- request status
[aircon] - BB 01 00 04 37 04 00 21 8A 00 00 00 00 00 00 00 00 78 03 08 00 00 00 00 00 00 00 00 00 00 78 FF 00 00 00 34 31 42 00 00 80 00 00 00 00 E8 00 00 00 54 40 00 00 00 00 7A 00 00 00 00 93 
[Tuya]   - BB 00 01 04 02 01 00 BD  --- request status
[aircon] - BB 01 00 04 37 04 00 21 8A 00 00 00 00 00 00 00 00 78 03 08 00 00 00 00 00 00 00 00 00 00 78 FF 00 00 00 34 31 42 00 00 80 00 00 00 00 E8 00 00 00 54 40 00 00 00 00 7A 00 00 00 00 93 
[Tuya]   - BB 00 01 04 02 01 00 BD  --- request status
[aircon] - BB 01 00 04 37 04 00 21 8A 00 00 00 00 00 00 00 00 78 03 08 00 00 00 00 00 00 00 00 00 00 78 FF 00 00 00 34 31 42 00 00 80 00 00 00 00 E8 00 00 00 54 40 00 00 00 00 7A 00 00 00 00 93 
[Tuya]   - BB 00 01 03 1D 00 00 64 03 55 00 00 00 00 00 00 00 00 00 00 00 00 00 00 00 00 00 00 00 00 00 00 00 00 96 
[aircon] - BB 01 00 03 37 04 00 31 8A 00 00 00 00 00 00 00 00 78 03 08 00 00 00 00 00 00 00 00 00 00 78 FF 00 00 00 34 31 42 00 00 80 00 00 00 00 E8 00 00 00 54 40 00 00 00 00 7A 00 00 00 00 84 
[Tuya]   - BB 00 01 0A 03 05 00 00 B6 ----- HB_10S_2
[aircon] - BB 01 00 0A 2D 04 00 04 00 00 00 00 00 00 00 00 00 00 00 00 00 00 00 00 00 00 00 00 00 00 00 00 00 00 00 00 00 00 00 00 00 00 00 00 00 00 00 00 00 00 9D 
[Tuya]   - BB 00 01 09 02 05 00 B4 ---- HB_10S_1
[aircon] - BB 01 00 09 2D 04 00 00 00 00 00 00 FF 00 00 00 00 00 FF FF 00 00 00 00 00 00 F0 FF 00 00 00 00 00 00 00 00 00 00 00 00 00 00 00 00 00 00 00 00 00 00 6A 
[Tuya]   - BB 00 01 04 02 01 00 BD  --- request status
[aircon] - BB 01 00 04 37 04 00 31 8A 00 00 00 00 00 00 00 00 78 03 88 00 00 00 00 00 00 00 00 00 00 78 FF 00 00 00 34 31 42 00 00 80 00 00 00 00 E8 00 00 00 54 40 00 00 00 00 7A 00 00 00 00 03 
[Tuya]   - BB 00 01 03 1D 00 00 60 03 55 00 00 00 00 00 00 00 00 00 00 00 00 00 00 00 00 00 00 00 00 00 00 00 00 92 
[aircon] - BB 01 00 03 37 04 00 21 8A 00 00 00 00 00 00 00 00 78 03 88 00 00 00 00 00 00 00 00 00 00 78 FF 00 00 00 34 31 42 00 00 80 00 00 00 00 E8 00 00 00 54 40 00 00 00 00 7A 00 00 00 00 14 
[Tuya]   - BB 00 01 04 02 01 00 BD  --- request status
[aircon] - BB 01 00 04 37 04 00 21 8A 00 00 00 00 00 00 00 00 78 03 88 00 00 00 00 00 00 00 00 00 00 78 FF 00 00 00 34 31 42 00 00 80 00 00 00 00 E7 00 00 00 54 40 00 00 00 00 7A 00 00 00 00 1C 
[Tuya]   - BB 00 01 03 1D 00 00 64 03 55 00 00 00 00 00 00 00 00 00 00 00 00 00 00 00 00 00 00 00 00 00 00 00 00 96 
[aircon] - BB 01 00 03 37 04 00 31 8A 00 00 00 00 00 00 00 00 78 03 88 00 00 00 00 00 00 00 00 00 00 78 FF 00 00 00 34 31 42 00 00 80 00 00 00 00 E7 00 00 00 54 40 00 00 00 00 7A 00 00 00 00 0B 
[Tuya]   - BB 00 01 04 02 01 00 BD  --- request status
[aircon] - BB 01 00 04 37 04 00 31 8A 00 00 00 00 00 00 00 00 78 03 88 00 00 00 00 00 00 00 00 00 00 78 FF 00 00 00 34 31 42 00 00 80 00 00 00 00 E7 00 00 00 54 40 00 00 00 00 7A 00 00 00 00 0C 
[Tuya]   - BB 00 01 0A 03 05 00 00 B6 ----- HB_10S_2
[aircon] - BB 01 00 0A 2D 04 00 04 00 00 00 00 00 00 00 00 00 00 00 00 00 00 00 00 00 00 00 00 00 00 00 00 00 00 00 00 00 00 00 00 00 00 00 00 00 00 00 00 00 00 9D 
[Tuya]   - BB 00 01 09 02 05 00 B4 ---- HB_10S_1
[aircon] - BB 01 00 09 2D 04 00 00 00 00 00 00 FF 00 00 00 00 00 FF FF 00 00 00 00 00 00 F0 FF 00 00 00 00 00 00 00 00 00 00 00 00 00 00 00 00 00 00 00 00 00 00 6A 
[Tuya]   - BB 00 01 03 1D 00 00 60 03 55 00 00 00 00 00 00 00 00 00 00 00 00 00 00 00 00 00 00 00 00 00 00 00 00 92 
[aircon] - BB 01 00 03 37 04 00 21 8A 00 00 00 00 00 00 00 00 78 03 88 00 00 00 00 00 00 00 00 00 00 78 FF 00 00 00 34 31 42 00 00 80 00 00 00 00 E7 00 00 00 54 40 00 00 00 00 7A 00 00 00 00 1B 
[Tuya]   - BB 00 01 04 02 01 00 BD  --- request status
[aircon] - BB 01 00 04 37 04 00 21 8A 00 00 00 00 00 00 00 00 78 03 88 00 00 00 00 00 00 00 00 00 00 78 FF 00 00 00 34 31 42 00 00 80 00 00 00 00 E7 00 00 00 54 40 00 00 00 00 7A 00 00 00 00 1C 
[Tuya]   - BB 00 01 03 1D 00 00 64 03 55 00 00 00 00 00 00 00 00 00 00 00 00 00 00 00 00 00 00 00 00 00 00 00 00 96 
[aircon] - BB 01 00 03 37 04 00 31 8A 00 00 00 00 00 00 00 00 78 03 88 00 00 00 00 00 00 00 00 00 00 78 FF 00 00 00 34 31 42 00 00 80 00 00 00 00 E8 00 00 00 54 40 00 00 00 00 7A 00 00 00 00 04 
[Tuya]   - BB 00 01 04 02 01 00 BD  --- request status
[aircon] - BB 01 00 04 37 04 00 31 8A 00 00 00 00 00 00 00 00 78 03 88 00 00 00 00 00 00 00 00 00 00 78 FF 00 00 00 34 31 42 00 00 80 00 00 00 00 E8 00 00 00 54 40 00 00 00 00 7A 00 00 00 00 03 
[Tuya]   - BB 00 01 0A 03 05 00 00 B6 ----- HB_10S_2
[aircon] - BB 01 00 0A 2D 04 00 04 00 00 00 00 00 00 00 00 00 00 00 00 00 00 00 00 00 00 00 00 00 00 00 00 00 00 00 00 00 00 00 00 00 00 00 00 00 00 00 00 00 00 9D 
[Tuya]   - BB 00 01 09 02 05 00 B4 ---- HB_10S_1
[aircon] - BB 01 00 09 2D 04 00 00 00 00 00 00 FF 00 00 00 00 00 FF FF 00 00 00 00 00 00 F0 FF 00 00 00 00 00 00 00 00 00 00 00 00 00 00 00 00 00 00 00 00 00 00 6A 
[Tuya]   - BB 00 01 04 02 01 00 BD  --- request status
[aircon] - BB 01 00 04 37 04 00 31 8A 00 00 00 00 00 00 00 00 78 03 88 00 00 00 00 00 00 00 00 00 00 78 FF 00 00 00 34 31 42 00 00 80 00 00 00 00 E8 00 00 00 54 40 00 00 00 00 7A 00 00 00 00 03 
[Tuya]   - BB 00 01 03 1D 00 00 60 03 55 00 00 00 00 00 00 00 00 00 00 00 00 00 00 00 00 00 00 00 00 00 00 00 00 92 
[aircon] - BB 01 00 03 37 04 00 21 8A 00 00 00 00 00 00 00 00 78 03 88 00 00 00 00 00 00 00 00 00 00 78 FF 00 00 00 34 31 42 00 00 80 00 00 00 00 E8 00 00 00 54 40 00 00 00 00 7A 00 00 00 00 14 
[Tuya]   - BB 00 01 04 02 01 00 BD  --- request status
[aircon] - BB 01 00 04 37 04 00 21 8A 00 00 00 00 00 00 00 00 78 03 88 00 00 00 00 00 00 00 00 00 00 78 FF 00 00 00 34 31 42 00 00 80 00 00 00 00 E7 00 00 00 54 40 00 00 00 00 7A 00 00 00 00 1C 
[Tuya]   - BB 00 01 03 1D 00 00 64 03 55 00 00 00 00 00 00 00 00 00 00 00 00 00 00 00 00 00 00 00 00 00 00 00 00 96 
[aircon] - BB 01 00 03 37 04 00 31 8A 00 00 00 00 00 00 00 00 78 03 88 00 00 00 00 00 00 00 00 00 00 78 FF 00 00 00 34 31 42 00 00 80 00 00 00 00 E8 00 00 00 54 40 00 00 00 00 7A 00 00 00 00 04 
[Tuya]   - BB 00 01 0A 03 05 00 00 B6 ----- HB_10S_2
[aircon] - BB 01 00 0A 2D 04 00 04 00 00 00 00 00 00 00 00 00 00 00 00 00 00 00 00 00 00 00 00 00 00 00 00 00 00 00 00 00 00 00 00 00 00 00 00 00 00 00 00 00 00 9D 
[Tuya]   - BB 00 01 09 02 05 00 B4 ---- HB_10S_1
[aircon] - BB 01 00 09 2D 04 00 00 00 00 00 00 FF 00 00 00 00 00 FF FF 00 00 00 00 00 00 F0 FF 00 00 00 00 00 00 00 00 00 00 00 00 00 00 00 00 00 00 00 00 00 00 6A 
[Tuya]   - BB 00 01 04 02 01 00 BD  --- request status
[aircon] - BB 01 00 04 37 04 00 31 8A 00 00 00 00 00 00 00 00 78 03 88 00 00 00 00 00 00 00 00 00 00 78 FF 00 00 00 34 31 42 00 00 80 00 00 00 00 E8 00 00 00 54 40 00 00 00 00 7A 00 00 00 00 03 
[Tuya]   - BB 00 01 03 1D 00 00 60 03 55 00 00 00 00 00 00 00 00 00 00 00 00 00 00 00 00 00 00 00 00 00 00 00 00 92 
[aircon] - BB 01 00 03 37 04 00 21 8A 00 00 00 00 00 00 00 00 78 03 88 00 00 00 00 00 00 00 00 00 00 78 FF 00 00 00 34 31 42 00 00 80 00 00 00 00 E8 00 00 00 54 40 00 00 00 00 7A 00 00 00 00 14 
[Tuya]   - BB 00 01 03 1D 00 00 64 03 55 00 00 00 00 00 00 00 00 00 00 00 00 00 00 00 00 00 00 00 00 00 00 00 00 96 
[aircon] - BB 01 00 03 37 04 00 31 8A 00 00 00 00 00 00 00 00 78 03 88 00 00 00 00 00 00 00 00 00 00 78 FF 00 00 00 34 31 42 00 00 80 00 00 00 00 E8 00 00 00 54 40 00 00 00 00 7A 00 00 00 00 04 
[Tuya]   - BB 00 01 04 02 01 00 BD  --- request status
[aircon] - BB 01 00 04 37 04 00 31 8A 00 00 00 00 00 00 00 00 78 03 88 00 00 00 00 00 00 00 00 00 00 78 FF 00 00 00 34 31 42 00 00 80 00 00 00 00 E8 00 00 00 54 40 00 00 00 00 7A 00 00 00 00 03 
[Tuya]   - BB 00 01 04 02 01 00 BD BB 00 01 0A 03 05 00 00 B6  --- request status HB_10S
[aircon] - BB 01 00 04 37 04 00 31 8A 00 00 00 00 00 00 00 00 78 03 88 00 00 00 00 00 00 00 00 00 00 78 FF 00 00 00 34 31 42 00 00 80 00 00 00 00 E8 00 00 00 54 40 00 00 00 00 7A 00 00 00 00 03 
[Tuya]   - BB 00 01 0A 03 05 00 00 B6 ----- HB_10S_2
[aircon] - BB 01 00 0A 2D 04 00 04 00 00 00 00 00 00 00 00 00 00 00 00 00 00 00 00 00 00 00 00 00 00 00 00 00 00 00 00 00 00 00 00 00 00 00 00 00 00 00 00 00 00 9D 
[Tuya]   - BB 00 01 09 02 05 00 B4 ---- HB_10S_1
[aircon] - BB 01 00 09 2D 04 00 00 00 00 00 00 FF 00 00 00 00 00 FF FF 00 00 00 00 00 00 F0 FF 00 00 00 00 00 00 00 00 00 00 00 00 00 00 00 00 00 00 00 00 00 00 6A 
[Tuya]   - BB 00 01 04 02 01 00 BD  --- request status
[aircon] - BB 01 00 04 37 04 00 31 8A 00 00 00 00 00 00 00 00 78 03 88 00 00 00 00 00 00 00 00 00 00 78 FF 00 00 5A 34 31 42 00 00 80 00 00 00 00 E8 00 00 00 54 40 00 00 00 00 7A 00 00 00 00 59 
[Tuya]   - BB 00 01 04 02 01 00 BD  --- request status
[aircon] - BB 01 00 04 37 04 00 31 8A 00 00 00 00 00 00 00 00 78 03 88 00 00 00 00 00 00 00 00 00 00 78 FF 00 00 5A 34 31 42 00 00 80 00 00 00 00 E8 00 00 00 54 40 00 00 00 00 7A 00 00 00 00 59 
[Tuya]   - BB 00 01 04 02 01 00 BD  --- request status
[aircon] - BB 01 00 04 37 04 00 31 8A 00 00 00 00 00 00 00 00 78 03 88 00 00 00 00 00 00 00 00 00 00 78 FF 00 00 5A 34 31 41 18 00 80 00 00 00 00 E7 00 00 00 54 40 00 00 00 00 7A 00 00 00 00 4D 
[Tuya]   - BB 00 01 0A 03 05 00 00 B6 ----- HB_10S_2
[aircon] - BB 01 00 0A 2D 04 00 04 00 00 00 00 00 00 00 00 00 00 00 00 00 00 00 00 00 00 00 00 00 00 00 00 00 00 00 00 00 00 00 00 00 00 00 00 00 00 00 00 00 00 9D 
[Tuya]   - BB 00 01 09 02 05 00 B4 ---- HB_10S_1
[aircon] - BB 01 00 09 2D 04 00 00 00 00 00 00 FF 00 00 00 00 00 FF FF 00 00 00 00 00 00 F0 FF 00 00 00 00 00 00 00 00 00 00 00 00 00 00 00 00 00 00 00 00 00 00 6A 
[Tuya]   - BB 00 01 04 02 01 00 BD  --- request status
[aircon] - BB 01 00 04 37 04 00 31 8A 00 00 00 00 00 00 00 00 78 03 88 00 00 00 00 00 00 00 00 00 00 78 FF 00 00 5A 34 31 41 40 00 80 00 00 00 00 E7 00 00 00 54 40 00 00 00 00 7A 00 00 00 00 15 
[Tuya]   - BB 00 01 04 02 01 00 BD  --- request status
[aircon] - BB 01 00 04 37 04 00 31 8A 00 00 00 00 00 00 00 00 78 03 88 00 00 00 00 00 00 00 00 00 00 78 FF 00 00 5A 34 31 41 39 00 8A 00 00 00 00 E7 00 00 00 54 40 00 00 00 00 7A 00 00 00 00 66 
[Tuya]   - BB 00 01 04 02 01 00 BD  --- request status
[aircon] - BB 01 00 04 37 04 00 31 8A 00 00 00 00 00 00 00 00 78 03 88 00 00 00 00 00 00 00 00 00 00 78 FF 00 00 5A 34 31 41 3B 06 8A 00 00 00 00 E7 00 00 00 54 40 00 00 00 00 7A 00 00 00 00 62 
[Tuya]   - BB 00 01 0A 03 05 00 00 B6 ----- HB_10S_2
[aircon] - BB 01 00 0A 2D 04 00 0C 00 00 00 00 00 00 00 00 00 00 00 00 49 00 01 00 00 00 00 00 00 00 00 00 00 00 00 00 00 00 00 00 00 00 00 00 00 00 00 00 00 00 DD 
[Tuya]   - BB 00 01 09 02 05 00 B4 ---- HB_10S_1
[aircon] - BB 01 00 09 2D 04 00 00 00 00 00 00 FF 00 00 00 00 00 FF FF 00 00 00 00 00 00 F0 FF 00 00 00 00 00 00 00 00 00 00 00 00 00 00 00 00 00 00 00 00 00 00 6A 
[Tuya]   - BB 00 01 0A 03 05 00 08 BE 

Docklight Log File (HEX) - Stopped 01-Mar-24 11:28:23.993 

