01-Mar-24 11:26:11.867 [Tuya]   - BB 00 01 04 02 01 00 BD  --- request status
01-Mar-24 11:26:13.240 [aircon] - BB 01 00 04 37 04 00 21 8A 00 00 00 00 00 00 00 00 78 03 08 00 00 00 00 00 00 00 00 00 00 78 FF 00 00 00 FF FF 14 00 00 80 00 00 00 00 00 00 00 00 54 40 00 00 00 00 7A 00 00 00 00 28 
01-Mar-24 11:26:16.030 [Tuya]   - BB 00 01 04 02 01 00 BD  --- request status
01-Mar-24 11:26:16.237 [aircon] - BB 01 00 04 37 04 00 21 8A 00 00 00 00 00 00 00 00 78 03 08 00 00 00 00 00 00 00 00 00 00 78 FF 00 00 00 FF FF 14 00 00 80 00 00 00 00 00 00 00 00 54 40 00 00 00 00 7A 00 00 00 00 28 
01-Mar-24 11:26:18.311 [Tuya]   - BB 00 01 05 09 00 00 00 00 00 00 00 00 04 B2  - STARTUP_1
01-Mar-24 11:26:18.526 [aircon] - BB 01 00 05 0B 04 00 00 00 00 00 00 00 00 00 04 B4 
01-Mar-24 11:26:19.022 [Tuya]   - BB 00 01 04 02 01 00 BD  --- request status
01-Mar-24 11:26:19.233 [aircon] - BB 01 00 04 37 04 00 21 8A 00 00 00 00 00 00 00 00 78 03 08 00 00 00 00 00 00 00 00 00 00 78 FF 00 00 00 34 30 42 00 00 80 00 00 00 00 D9 00 00 00 54 40 00 00 00 00 7A 00 00 00 00 A3 
01-Mar-24 11:26:20.125 [Tuya]   - BB 00 01 05 09 00 00 00 00 00 00 00 00 02 B4  - STARTUP_2
01-Mar-24 11:26:20.348 [aircon] - BB 01 00 05 0B 04 00 00 00 00 00 00 00 00 00 02 B2 
01-Mar-24 11:26:21.198 [Tuya]   - BB 00 01 05 09 00 00 00 00 00 00 00 00 01 B7  - STARTUP_3
01-Mar-24 11:26:21.413 [aircon] - BB 01 00 05 0B 04 00 00 00 00 00 00 00 00 00 01 B1 
01-Mar-24 11:26:22.020 [Tuya]   - BB 00 01 04 02 01 00 BD  --- request status
01-Mar-24 11:26:22.229 [aircon] - BB 01 00 04 37 04 00 21 8A 00 00 00 00 00 00 00 00 78 03 08 00 00 00 00 00 00 00 00 00 00 78 FF 00 00 00 34 31 42 00 00 80 00 00 00 00 E8 00 00 00 54 40 00 00 00 00 7A 00 00 00 00 93 
01-Mar-24 11:26:23.026 [Tuya]   - BB 00 01 0A 03 05 00 00 B6 ----- HB_10S_2
01-Mar-24 11:26:23.235 [aircon] - BB 01 00 0A 2D 04 00 04 00 00 00 00 00 00 00 00 00 00 00 00 00 00 00 00 00 00 00 00 00 00 00 00 00 00 00 00 00 00 00 00 00 00 00 00 00 00 00 00 00 00 9D 
01-Mar-24 11:26:23.504 [Tuya]   - BB 00 01 09 02 05 00 B4 ---- HB_10S_1
01-Mar-24 11:26:23.713 [aircon] - BB 01 00 09 2D 04 00 00 00 00 00 00 FF 00 00 00 00 00 FF FF 00 00 00 00 00 00 F0 FF 00 00 00 00 00 00 00 00 00 00 00 00 00 00 00 00 00 00 00 00 00 00 6A 
01-Mar-24 11:26:25.024 [Tuya]   - BB 00 01 04 02 01 00 BD  --- request status
01-Mar-24 11:26:25.236 [aircon] - BB 01 00 04 37 04 00 21 8A 00 00 00 00 00 00 00 00 78 03 08 00 00 00 00 00 00 00 00 00 00 78 FF 00 00 00 34 31 42 00 00 80 00 00 00 00 E7 00 00 00 54 40 00 00 00 00 7A 00 00 00 00 9C 
01-Mar-24 11:26:28.026 [Tuya]   - BB 00 01 04 02 01 00 BD  --- request status
01-Mar-24 11:26:28.232 [aircon] - BB 01 00 04 37 04 00 21 8A 00 00 00 00 00 00 00 00 78 03 08 00 00 00 00 00 00 00 00 00 00 78 FF 00 00 00 34 31 42 00 00 80 00 00 00 00 E8 00 00 00 54 40 00 00 00 00 7A 00 00 00 00 93 
01-Mar-24 11:26:31.106 [Tuya]   - BB 00 01 04 02 01 00 BD  --- request status
01-Mar-24 11:26:31.318 [aircon] - BB 01 00 04 37 04 00 21 8A 00 00 00 00 00 00 00 00 78 03 08 00 00 00 00 00 00 00 00 00 00 78 FF 00 00 00 34 31 42 00 00 80 00 00 00 00 E8 00 00 00 54 40 00 00 00 00 7A 00 00 00 00 93 
01-Mar-24 11:26:33.011 [Tuya]   - BB 00 01 0B 10 05 00 E8 07 03 01 0B 1A 1C 00 00 00 00 00 00 00 44 - STARTUP_4
01-Mar-24 11:26:33.011 [Tuya]   - BB 00 01 0A 03 05 00 00 B6 ----- HB_10S_2
01-Mar-24 11:26:33.240 [aircon] - BB 01 00 0B 02 04 00 B7 
01-Mar-24 11:26:33.612 [Tuya]   - BB 00 01 0A 03 05 00 00 B6 ----- HB_10S_2
01-Mar-24 11:26:33.827 [aircon] - BB 01 00 0A 2D 04 00 04 00 00 00 00 00 00 00 00 00 00 00 00 00 00 00 00 00 00 00 00 00 00 00 00 00 00 00 00 00 00 00 00 00 00 00 00 00 00 00 00 00 00 9D 
01-Mar-24 11:26:34.044 [Tuya]   - BB 00 01 09 02 05 00 B4 ---- HB_10S_1
01-Mar-24 11:26:34.255 [aircon] - BB 01 00 09 2D 04 00 00 00 00 00 00 FF 00 00 00 00 00 FF FF 00 00 00 00 00 00 F0 FF 00 00 00 00 00 00 00 00 00 00 00 00 00 00 00 00 00 00 00 00 00 00 6A 
01-Mar-24 11:26:34.465 [Tuya]   - BB 00 01 04 02 01 00 BD  --- request status
01-Mar-24 11:26:34.673 [aircon] - BB 01 00 04 37 04 00 21 8A 00 00 00 00 00 00 00 00 78 03 08 00 00 00 00 00 00 00 00 00 00 78 FF 00 00 00 34 31 42 00 00 80 00 00 00 00 E8 00 00 00 54 40 00 00 00 00 7A 00 00 00 00 93 
01-Mar-24 11:26:37.066 [Tuya]   - BB 00 01 04 02 01 00 BD  --- request status
01-Mar-24 11:26:37.281 [aircon] - BB 01 00 04 37 04 00 21 8A 00 00 00 00 00 00 00 00 78 03 08 00 00 00 00 00 00 00 00 00 00 78 FF 00 00 00 34 31 42 00 00 80 00 00 00 00 E8 00 00 00 54 40 00 00 00 00 7A 00 00 00 00 93 
01-Mar-24 11:26:40.068 [Tuya]   - BB 00 01 04 02 01 00 BD  --- request status
01-Mar-24 11:26:40.278 [aircon] - BB 01 00 04 37 04 00 21 8A 00 00 00 00 00 00 00 00 78 03 08 00 00 00 00 00 00 00 00 00 00 78 FF 00 00 00 34 31 42 00 00 80 00 00 00 00 E8 00 00 00 54 40 00 00 00 00 7A 00 00 00 00 93 
01-Mar-24 11:26:42.970 [Tuya]   - BB 00 01 0A 03 05 00 00 B6 ----- HB_10S_2
01-Mar-24 11:26:43.185 [aircon] - BB 01 00 0A 2D 04 00 04 00 00 00 00 00 00 00 00 00 00 00 00 00 00 00 00 00 00 00 00 00 00 00 00 00 00 00 00 00 00 00 00 00 00 00 00 00 00 00 00 00 00 9D 
01-Mar-24 11:26:43.442 [Tuya]   - BB 00 01 09 02 05 00 B4 ---- HB_10S_1
01-Mar-24 11:26:43.653 [aircon] - BB 01 00 09 2D 04 00 00 00 00 00 00 FF 00 00 00 00 00 FF FF 00 00 00 00 00 00 F0 FF 00 00 00 00 00 00 00 00 00 00 00 00 00 00 00 00 00 00 00 00 00 00 6A 
01-Mar-24 11:26:43.864 [Tuya]   - BB 00 01 04 02 01 00 BD  --- request status
01-Mar-24 11:26:44.071 [aircon] - BB 01 00 04 37 04 00 21 8A 00 00 00 00 00 00 00 00 78 03 08 00 00 00 00 00 00 00 00 00 00 78 FF 00 00 00 34 31 42 00 00 80 00 00 00 00 E8 00 00 00 54 40 00 00 00 00 7A 00 00 00 00 93 
01-Mar-24 11:26:46.065 [Tuya]   - BB 00 01 04 02 01 00 BD  --- request status
01-Mar-24 11:26:46.281 [aircon] - BB 01 00 04 37 04 00 21 8A 00 00 00 00 00 00 00 00 78 03 08 00 00 00 00 00 00 00 00 00 00 78 FF 00 00 00 34 31 42 00 00 80 00 00 00 00 E7 00 00 00 54 40 00 00 00 00 7A 00 00 00 00 9C 
01-Mar-24 11:26:49.068 [Tuya]   - BB 00 01 04 02 01 00 BD  --- request status
01-Mar-24 11:26:49.277 [aircon] - BB 01 00 04 37 04 00 21 8A 00 00 00 00 00 00 00 00 78 03 08 00 00 00 00 00 00 00 00 00 00 78 FF 00 00 00 34 31 42 00 00 80 00 00 00 00 E7 00 00 00 54 40 00 00 00 00 7A 00 00 00 00 9C 
01-Mar-24 11:26:52.069 [Tuya]   - BB 00 01 04 02 01 00 BD  --- request status
01-Mar-24 11:26:52.284 [aircon] - BB 01 00 04 37 04 00 21 8A 00 00 00 00 00 00 00 00 78 03 08 00 00 00 00 00 00 00 00 00 00 78 FF 00 00 00 34 31 42 00 00 80 00 00 00 00 E7 00 00 00 54 40 00 00 00 00 7A 00 00 00 00 9C 
01-Mar-24 11:26:53.070 [Tuya]   - BB 00 01 0A 03 05 00 00 B6 ----- HB_10S_2
01-Mar-24 11:26:53.279 [aircon] - BB 01 00 0A 2D 04 00 04 00 00 00 00 00 00 00 00 00 00 00 00 00 00 00 00 00 00 00 00 00 00 00 00 00 00 00 00 00 00 00 00 00 00 00 00 00 00 00 00 00 00 9D 
01-Mar-24 11:26:53.522 [Tuya]   - BB 00 01 09 02 05 00 B4 ---- HB_10S_1
01-Mar-24 11:26:53.738 [aircon] - BB 01 00 09 2D 04 00 00 00 00 00 00 FF 00 00 00 00 00 FF FF 00 00 00 00 00 00 F0 FF 00 00 00 00 00 00 00 00 00 00 00 00 00 00 00 00 00 00 00 00 00 00 6A 
01-Mar-24 11:26:55.043 [Tuya]   - BB 00 01 04 02 01 00 BD  --- request status
01-Mar-24 11:26:55.250 [aircon] - BB 01 00 04 37 04 00 21 8A 00 00 00 00 00 00 00 00 78 03 08 00 00 00 00 00 00 00 00 00 00 78 FF 00 00 00 34 31 42 00 00 80 00 00 00 00 E7 00 00 00 54 40 00 00 00 00 7A 00 00 00 00 9C 
01-Mar-24 11:26:58.046 [Tuya]   - BB 00 01 04 02 01 00 BD  --- request status
01-Mar-24 11:26:58.257 [aircon] - BB 01 00 04 37 04 00 21 8A 00 00 00 00 00 00 00 00 78 03 08 00 00 00 00 00 00 00 00 00 00 78 FF 00 00 00 34 31 42 00 00 80 00 00 00 00 E7 00 00 00 54 40 00 00 00 00 7A 00 00 00 00 9C 
01-Mar-24 11:27:01.049 [Tuya]   - BB 00 01 04 02 01 00 BD  --- request status
01-Mar-24 11:27:01.263 [aircon] - BB 01 00 04 37 04 00 21 8A 00 00 00 00 00 00 00 00 78 03 08 00 00 00 00 00 00 00 00 00 00 78 FF 00 00 00 34 31 42 00 00 80 00 00 00 00 E7 00 00 00 54 40 00 00 00 00 7A 00 00 00 00 9C 
01-Mar-24 11:27:03.050 [Tuya]   - BB 00 01 0A 03 05 00 00 B6 ----- HB_10S_2
01-Mar-24 11:27:03.264 [aircon] - BB 01 00 0A 2D 04 00 04 00 00 00 00 00 00 00 00 00 00 00 00 00 00 00 00 00 00 00 00 00 00 00 00 00 00 00 00 00 00 00 00 00 00 00 00 00 00 00 00 00 00 9D 
01-Mar-24 11:27:03.472 [Tuya]   - BB 00 01 09 02 05 00 B4 ---- HB_10S_1
01-Mar-24 11:27:03.683 [aircon] - BB 01 00 09 2D 04 00 00 00 00 00 00 FF 00 00 00 00 00 FF FF 00 00 00 00 00 00 F0 FF 00 00 00 00 00 00 00 00 00 00 00 00 00 00 00 00 00 00 00 00 00 00 6A 
01-Mar-24 11:27:04.093 [Tuya]   - BB 00 01 04 02 01 00 BD  --- request status
01-Mar-24 11:27:04.300 [aircon] - BB 01 00 04 37 04 00 21 8A 00 00 00 00 00 00 00 00 78 03 08 00 00 00 00 00 00 00 00 00 00 78 FF 00 00 00 34 31 42 00 00 80 00 00 00 00 E7 00 00 00 54 40 00 00 00 00 7A 00 00 00 00 9C 
01-Mar-24 11:27:07.094 [Tuya]   - BB 00 01 04 02 01 00 BD  --- request status
01-Mar-24 11:27:07.306 [aircon] - BB 01 00 04 37 04 00 21 8A 00 00 00 00 00 00 00 00 78 03 08 00 00 00 00 00 00 00 00 00 00 78 FF 00 00 00 34 31 42 00 00 80 00 00 00 00 E7 00 00 00 54 40 00 00 00 00 7A 00 00 00 00 9C 
01-Mar-24 11:27:10.098 [Tuya]   - BB 00 01 04 02 01 00 BD  --- request status
01-Mar-24 11:27:10.312 [aircon] - BB 01 00 04 37 04 00 21 8A 00 00 00 00 00 00 00 00 78 03 08 00 00 00 00 00 00 00 00 00 00 78 FF 00 00 00 34 31 42 00 00 80 00 00 00 00 E8 00 00 00 54 40 00 00 00 00 7A 00 00 00 00 93 
01-Mar-24 11:27:12.999 [Tuya]   - BB 00 01 0A 03 05 00 00 B6 ----- HB_10S_2
01-Mar-24 11:27:13.210 [aircon] - BB 01 00 0A 2D 04 00 04 00 00 00 00 00 00 00 00 00 00 00 00 00 00 00 00 00 00 00 00 00 00 00 00 00 00 00 00 00 00 00 00 00 00 00 00 00 00 00 00 00 00 9D 
01-Mar-24 11:27:13.431 [Tuya]   - BB 00 01 09 02 05 00 B4 ---- HB_10S_1
01-Mar-24 11:27:13.637 [aircon] - BB 01 00 09 2D 04 00 00 00 00 00 00 FF 00 00 00 00 00 FF FF 00 00 00 00 00 00 F0 FF 00 00 00 00 00 00 00 00 00 00 00 00 00 00 00 00 00 00 00 00 00 00 6A 
01-Mar-24 11:27:13.852 [Tuya]   - BB 00 01 04 02 01 00 BD  --- request status
01-Mar-24 11:27:14.065 [aircon] - BB 01 00 04 37 04 00 21 8A 00 00 00 00 00 00 00 00 78 03 08 00 00 00 00 00 00 00 00 00 00 78 FF 00 00 00 34 31 42 00 00 80 00 00 00 00 E8 00 00 00 54 40 00 00 00 00 7A 00 00 00 00 93 
01-Mar-24 11:27:16.053 [Tuya]   - BB 00 01 04 02 01 00 BD  --- request status
01-Mar-24 11:27:16.266 [aircon] - BB 01 00 04 37 04 00 21 8A 00 00 00 00 00 00 00 00 78 03 08 00 00 00 00 00 00 00 00 00 00 78 FF 00 00 00 34 31 42 00 00 80 00 00 00 00 E8 00 00 00 54 40 00 00 00 00 7A 00 00 00 00 93 
01-Mar-24 11:27:19.055 [Tuya]   - BB 00 01 04 02 01 00 BD  --- request status
01-Mar-24 11:27:19.263 [aircon] - BB 01 00 04 37 04 00 21 8A 00 00 00 00 00 00 00 00 78 03 08 00 00 00 00 00 00 00 00 00 00 78 FF 00 00 00 34 31 42 00 00 80 00 00 00 00 E8 00 00 00 54 40 00 00 00 00 7A 00 00 00 00 93 
01-Mar-24 11:27:20.365 [Tuya]   - BB 00 01 03 1D 00 00 64 03 55 00 00 00 00 00 00 00 00 00 00 00 00 00 00 00 00 00 00 00 00 00 00 00 00 96 
01-Mar-24 11:27:20.606 [aircon] - BB 01 00 03 37 04 00 31 8A 00 00 00 00 00 00 00 00 78 03 08 00 00 00 00 00 00 00 00 00 00 78 FF 00 00 00 34 31 42 00 00 80 00 00 00 00 E8 00 00 00 54 40 00 00 00 00 7A 00 00 00 00 84 
01-Mar-24 11:27:23.029 [Tuya]   - BB 00 01 0A 03 05 00 00 B6 ----- HB_10S_2
01-Mar-24 11:27:23.244 [aircon] - BB 01 00 0A 2D 04 00 04 00 00 00 00 00 00 00 00 00 00 00 00 00 00 00 00 00 00 00 00 00 00 00 00 00 00 00 00 00 00 00 00 00 00 00 00 00 00 00 00 00 00 9D 
01-Mar-24 11:27:23.442 [Tuya]   - BB 00 01 09 02 05 00 B4 ---- HB_10S_1
01-Mar-24 11:27:23.652 [aircon] - BB 01 00 09 2D 04 00 00 00 00 00 00 FF 00 00 00 00 00 FF FF 00 00 00 00 00 00 F0 FF 00 00 00 00 00 00 00 00 00 00 00 00 00 00 00 00 00 00 00 00 00 00 6A 
01-Mar-24 11:27:23.913 [Tuya]   - BB 00 01 04 02 01 00 BD  --- request status
01-Mar-24 11:27:24.120 [aircon] - BB 01 00 04 37 04 00 31 8A 00 00 00 00 00 00 00 00 78 03 88 00 00 00 00 00 00 00 00 00 00 78 FF 00 00 00 34 31 42 00 00 80 00 00 00 00 E8 00 00 00 54 40 00 00 00 00 7A 00 00 00 00 03 
01-Mar-24 11:27:26.121 [Tuya]   - BB 00 01 03 1D 00 00 60 03 55 00 00 00 00 00 00 00 00 00 00 00 00 00 00 00 00 00 00 00 00 00 00 00 00 92 
01-Mar-24 11:27:26.360 [aircon] - BB 01 00 03 37 04 00 21 8A 00 00 00 00 00 00 00 00 78 03 88 00 00 00 00 00 00 00 00 00 00 78 FF 00 00 00 34 31 42 00 00 80 00 00 00 00 E8 00 00 00 54 40 00 00 00 00 7A 00 00 00 00 14 
01-Mar-24 11:27:29.086 [Tuya]   - BB 00 01 04 02 01 00 BD  --- request status
01-Mar-24 11:27:29.297 [aircon] - BB 01 00 04 37 04 00 21 8A 00 00 00 00 00 00 00 00 78 03 88 00 00 00 00 00 00 00 00 00 00 78 FF 00 00 00 34 31 42 00 00 80 00 00 00 00 E7 00 00 00 54 40 00 00 00 00 7A 00 00 00 00 1C 
01-Mar-24 11:27:29.699 [Tuya]   - BB 00 01 03 1D 00 00 64 03 55 00 00 00 00 00 00 00 00 00 00 00 00 00 00 00 00 00 00 00 00 00 00 00 00 96 
01-Mar-24 11:27:29.944 [aircon] - BB 01 00 03 37 04 00 31 8A 00 00 00 00 00 00 00 00 78 03 88 00 00 00 00 00 00 00 00 00 00 78 FF 00 00 00 34 31 42 00 00 80 00 00 00 00 E7 00 00 00 54 40 00 00 00 00 7A 00 00 00 00 0B 
01-Mar-24 11:27:32.702 [Tuya]   - BB 00 01 04 02 01 00 BD  --- request status
01-Mar-24 11:27:32.910 [aircon] - BB 01 00 04 37 04 00 31 8A 00 00 00 00 00 00 00 00 78 03 88 00 00 00 00 00 00 00 00 00 00 78 FF 00 00 00 34 31 42 00 00 80 00 00 00 00 E7 00 00 00 54 40 00 00 00 00 7A 00 00 00 00 0C 
01-Mar-24 11:27:33.104 [Tuya]   - BB 00 01 0A 03 05 00 00 B6 ----- HB_10S_2
01-Mar-24 11:27:33.318 [aircon] - BB 01 00 0A 2D 04 00 04 00 00 00 00 00 00 00 00 00 00 00 00 00 00 00 00 00 00 00 00 00 00 00 00 00 00 00 00 00 00 00 00 00 00 00 00 00 00 00 00 00 00 9D 
01-Mar-24 11:27:33.500 [Tuya]   - BB 00 01 09 02 05 00 B4 ---- HB_10S_1
01-Mar-24 11:27:33.707 [aircon] - BB 01 00 09 2D 04 00 00 00 00 00 00 FF 00 00 00 00 00 FF FF 00 00 00 00 00 00 F0 FF 00 00 00 00 00 00 00 00 00 00 00 00 00 00 00 00 00 00 00 00 00 00 6A 
01-Mar-24 11:27:35.128 [Tuya]   - BB 00 01 03 1D 00 00 60 03 55 00 00 00 00 00 00 00 00 00 00 00 00 00 00 00 00 00 00 00 00 00 00 00 00 92 
01-Mar-24 11:27:35.369 [aircon] - BB 01 00 03 37 04 00 21 8A 00 00 00 00 00 00 00 00 78 03 88 00 00 00 00 00 00 00 00 00 00 78 FF 00 00 00 34 31 42 00 00 80 00 00 00 00 E7 00 00 00 54 40 00 00 00 00 7A 00 00 00 00 1B 
01-Mar-24 11:27:38.091 [Tuya]   - BB 00 01 04 02 01 00 BD  --- request status
01-Mar-24 11:27:38.306 [aircon] - BB 01 00 04 37 04 00 21 8A 00 00 00 00 00 00 00 00 78 03 88 00 00 00 00 00 00 00 00 00 00 78 FF 00 00 00 34 31 42 00 00 80 00 00 00 00 E7 00 00 00 54 40 00 00 00 00 7A 00 00 00 00 1C 
01-Mar-24 11:27:39.802 [Tuya]   - BB 00 01 03 1D 00 00 64 03 55 00 00 00 00 00 00 00 00 00 00 00 00 00 00 00 00 00 00 00 00 00 00 00 00 96 
01-Mar-24 11:27:40.048 [aircon] - BB 01 00 03 37 04 00 31 8A 00 00 00 00 00 00 00 00 78 03 88 00 00 00 00 00 00 00 00 00 00 78 FF 00 00 00 34 31 42 00 00 80 00 00 00 00 E8 00 00 00 54 40 00 00 00 00 7A 00 00 00 00 04 
01-Mar-24 11:27:42.764 [Tuya]   - BB 00 01 04 02 01 00 BD  --- request status
01-Mar-24 11:27:42.975 [aircon] - BB 01 00 04 37 04 00 31 8A 00 00 00 00 00 00 00 00 78 03 88 00 00 00 00 00 00 00 00 00 00 78 FF 00 00 00 34 31 42 00 00 80 00 00 00 00 E8 00 00 00 54 40 00 00 00 00 7A 00 00 00 00 03 
01-Mar-24 11:27:43.065 [Tuya]   - BB 00 01 0A 03 05 00 00 B6 ----- HB_10S_2
01-Mar-24 11:27:43.273 [aircon] - BB 01 00 0A 2D 04 00 04 00 00 00 00 00 00 00 00 00 00 00 00 00 00 00 00 00 00 00 00 00 00 00 00 00 00 00 00 00 00 00 00 00 00 00 00 00 00 00 00 00 00 9D 
01-Mar-24 11:27:43.487 [Tuya]   - BB 00 01 09 02 05 00 B4 ---- HB_10S_1
01-Mar-24 11:27:43.701 [aircon] - BB 01 00 09 2D 04 00 00 00 00 00 00 FF 00 00 00 00 00 FF FF 00 00 00 00 00 00 F0 FF 00 00 00 00 00 00 00 00 00 00 00 00 00 00 00 00 00 00 00 00 00 00 6A 
01-Mar-24 11:27:45.859 [Tuya]   - BB 00 01 04 02 01 00 BD  --- request status
01-Mar-24 11:27:46.071 [aircon] - BB 01 00 04 37 04 00 31 8A 00 00 00 00 00 00 00 00 78 03 88 00 00 00 00 00 00 00 00 00 00 78 FF 00 00 00 34 31 42 00 00 80 00 00 00 00 E8 00 00 00 54 40 00 00 00 00 7A 00 00 00 00 03 
01-Mar-24 11:27:46.567 [Tuya]   - BB 00 01 03 1D 00 00 60 03 55 00 00 00 00 00 00 00 00 00 00 00 00 00 00 00 00 00 00 00 00 00 00 00 00 92 
01-Mar-24 11:27:46.808 [aircon] - BB 01 00 03 37 04 00 21 8A 00 00 00 00 00 00 00 00 78 03 88 00 00 00 00 00 00 00 00 00 00 78 FF 00 00 00 34 31 42 00 00 80 00 00 00 00 E8 00 00 00 54 40 00 00 00 00 7A 00 00 00 00 14 
01-Mar-24 11:27:49.631 [Tuya]   - BB 00 01 04 02 01 00 BD  --- request status
01-Mar-24 11:27:49.844 [aircon] - BB 01 00 04 37 04 00 21 8A 00 00 00 00 00 00 00 00 78 03 88 00 00 00 00 00 00 00 00 00 00 78 FF 00 00 00 34 31 42 00 00 80 00 00 00 00 E7 00 00 00 54 40 00 00 00 00 7A 00 00 00 00 1C 
01-Mar-24 11:27:50.640 [Tuya]   - BB 00 01 03 1D 00 00 64 03 55 00 00 00 00 00 00 00 00 00 00 00 00 00 00 00 00 00 00 00 00 00 00 00 00 96 
01-Mar-24 11:27:50.879 [aircon] - BB 01 00 03 37 04 00 31 8A 00 00 00 00 00 00 00 00 78 03 88 00 00 00 00 00 00 00 00 00 00 78 FF 00 00 00 34 31 42 00 00 80 00 00 00 00 E8 00 00 00 54 40 00 00 00 00 7A 00 00 00 00 04 
01-Mar-24 11:27:53.036 [Tuya]   - BB 00 01 0A 03 05 00 00 B6 ----- HB_10S_2
01-Mar-24 11:27:53.249 [aircon] - BB 01 00 0A 2D 04 00 04 00 00 00 00 00 00 00 00 00 00 00 00 00 00 00 00 00 00 00 00 00 00 00 00 00 00 00 00 00 00 00 00 00 00 00 00 00 00 00 00 00 00 9D 
01-Mar-24 11:27:53.507 [Tuya]   - BB 00 01 09 02 05 00 B4 ---- HB_10S_1
01-Mar-24 11:27:53.716 [aircon] - BB 01 00 09 2D 04 00 00 00 00 00 00 FF 00 00 00 00 00 FF FF 00 00 00 00 00 00 F0 FF 00 00 00 00 00 00 00 00 00 00 00 00 00 00 00 00 00 00 00 00 00 00 6A 
01-Mar-24 11:27:53.918 [Tuya]   - BB 00 01 04 02 01 00 BD  --- request status
01-Mar-24 11:27:54.134 [aircon] - BB 01 00 04 37 04 00 31 8A 00 00 00 00 00 00 00 00 78 03 88 00 00 00 00 00 00 00 00 00 00 78 FF 00 00 00 34 31 42 00 00 80 00 00 00 00 E8 00 00 00 54 40 00 00 00 00 7A 00 00 00 00 03 
01-Mar-24 11:27:54.533 [Tuya]   - BB 00 01 03 1D 00 00 60 03 55 00 00 00 00 00 00 00 00 00 00 00 00 00 00 00 00 00 00 00 00 00 00 00 00 92 
01-Mar-24 11:27:54.772 [aircon] - BB 01 00 03 37 04 00 21 8A 00 00 00 00 00 00 00 00 78 03 88 00 00 00 00 00 00 00 00 00 00 78 FF 00 00 00 34 31 42 00 00 80 00 00 00 00 E8 00 00 00 54 40 00 00 00 00 7A 00 00 00 00 14 
01-Mar-24 11:27:56.904 [Tuya]   - BB 00 01 03 1D 00 00 64 03 55 00 00 00 00 00 00 00 00 00 00 00 00 00 00 00 00 00 00 00 00 00 00 00 00 96 
01-Mar-24 11:27:57.151 [aircon] - BB 01 00 03 37 04 00 31 8A 00 00 00 00 00 00 00 00 78 03 88 00 00 00 00 00 00 00 00 00 00 78 FF 00 00 00 34 31 42 00 00 80 00 00 00 00 E8 00 00 00 54 40 00 00 00 00 7A 00 00 00 00 04 
01-Mar-24 11:27:59.869 [Tuya]   - BB 00 01 04 02 01 00 BD  --- request status
01-Mar-24 11:28:00.078 [aircon] - BB 01 00 04 37 04 00 31 8A 00 00 00 00 00 00 00 00 78 03 88 00 00 00 00 00 00 00 00 00 00 78 FF 00 00 00 34 31 42 00 00 80 00 00 00 00 E8 00 00 00 54 40 00 00 00 00 7A 00 00 00 00 03 
01-Mar-24 11:28:02.870 [Tuya]   - BB 00 01 04 02 01 00 BD BB 00 01 0A 03 05 00 00 B6  --- request status HB_10S
01-Mar-24 11:28:03.084 [aircon] - BB 01 00 04 37 04 00 31 8A 00 00 00 00 00 00 00 00 78 03 88 00 00 00 00 00 00 00 00 00 00 78 FF 00 00 00 34 31 42 00 00 80 00 00 00 00 E8 00 00 00 54 40 00 00 00 00 7A 00 00 00 00 03 
01-Mar-24 11:28:03.574 [Tuya]   - BB 00 01 0A 03 05 00 00 B6 ----- HB_10S_2
01-Mar-24 11:28:03.781 [aircon] - BB 01 00 0A 2D 04 00 04 00 00 00 00 00 00 00 00 00 00 00 00 00 00 00 00 00 00 00 00 00 00 00 00 00 00 00 00 00 00 00 00 00 00 00 00 00 00 00 00 00 00 9D 
01-Mar-24 11:28:04.004 [Tuya]   - BB 00 01 09 02 05 00 B4 ---- HB_10S_1
01-Mar-24 11:28:04.219 [aircon] - BB 01 00 09 2D 04 00 00 00 00 00 00 FF 00 00 00 00 00 FF FF 00 00 00 00 00 00 F0 FF 00 00 00 00 00 00 00 00 00 00 00 00 00 00 00 00 00 00 00 00 00 00 6A 
01-Mar-24 11:28:05.915 [Tuya]   - BB 00 01 04 02 01 00 BD  --- request status
01-Mar-24 11:28:06.131 [aircon] - BB 01 00 04 37 04 00 31 8A 00 00 00 00 00 00 00 00 78 03 88 00 00 00 00 00 00 00 00 00 00 78 FF 00 00 5A 34 31 42 00 00 80 00 00 00 00 E8 00 00 00 54 40 00 00 00 00 7A 00 00 00 00 59 
01-Mar-24 11:28:08.918 [Tuya]   - BB 00 01 04 02 01 00 BD  --- request status
01-Mar-24 11:28:09.127 [aircon] - BB 01 00 04 37 04 00 31 8A 00 00 00 00 00 00 00 00 78 03 88 00 00 00 00 00 00 00 00 00 00 78 FF 00 00 5A 34 31 42 00 00 80 00 00 00 00 E8 00 00 00 54 40 00 00 00 00 7A 00 00 00 00 59 
01-Mar-24 11:28:11.919 [Tuya]   - BB 00 01 04 02 01 00 BD  --- request status
01-Mar-24 11:28:12.133 [aircon] - BB 01 00 04 37 04 00 31 8A 00 00 00 00 00 00 00 00 78 03 88 00 00 00 00 00 00 00 00 00 00 78 FF 00 00 5A 34 31 41 18 00 80 00 00 00 00 E7 00 00 00 54 40 00 00 00 00 7A 00 00 00 00 4D 
01-Mar-24 11:28:13.120 [Tuya]   - BB 00 01 0A 03 05 00 00 B6 ----- HB_10S_2
01-Mar-24 11:28:13.328 [aircon] - BB 01 00 0A 2D 04 00 04 00 00 00 00 00 00 00 00 00 00 00 00 00 00 00 00 00 00 00 00 00 00 00 00 00 00 00 00 00 00 00 00 00 00 00 00 00 00 00 00 00 00 9D 
01-Mar-24 11:28:13.572 [Tuya]   - BB 00 01 09 02 05 00 B4 ---- HB_10S_1
01-Mar-24 11:28:13.786 [aircon] - BB 01 00 09 2D 04 00 00 00 00 00 00 FF 00 00 00 00 00 FF FF 00 00 00 00 00 00 F0 FF 00 00 00 00 00 00 00 00 00 00 00 00 00 00 00 00 00 00 00 00 00 00 6A 
01-Mar-24 11:28:14.883 [Tuya]   - BB 00 01 04 02 01 00 BD  --- request status
01-Mar-24 11:28:15.090 [aircon] - BB 01 00 04 37 04 00 31 8A 00 00 00 00 00 00 00 00 78 03 88 00 00 00 00 00 00 00 00 00 00 78 FF 00 00 5A 34 31 41 40 00 80 00 00 00 00 E7 00 00 00 54 40 00 00 00 00 7A 00 00 00 00 15 
01-Mar-24 11:28:17.887 [Tuya]   - BB 00 01 04 02 01 00 BD  --- request status
01-Mar-24 11:28:18.096 [aircon] - BB 01 00 04 37 04 00 31 8A 00 00 00 00 00 00 00 00 78 03 88 00 00 00 00 00 00 00 00 00 00 78 FF 00 00 5A 34 31 41 39 00 8A 00 00 00 00 E7 00 00 00 54 40 00 00 00 00 7A 00 00 00 00 66 
01-Mar-24 11:28:20.889 [Tuya]   - BB 00 01 04 02 01 00 BD  --- request status
01-Mar-24 11:28:21.103 [aircon] - BB 01 00 04 37 04 00 31 8A 00 00 00 00 00 00 00 00 78 03 88 00 00 00 00 00 00 00 00 00 00 78 FF 00 00 5A 34 31 41 3B 06 8A 00 00 00 00 E7 00 00 00 54 40 00 00 00 00 7A 00 00 00 00 62 
01-Mar-24 11:28:23.091 [Tuya]   - BB 00 01 0A 03 05 00 00 B6 ----- HB_10S_2
01-Mar-24 11:28:23.303 [aircon] - BB 01 00 0A 2D 04 00 0C 00 00 00 00 00 00 00 00 00 00 00 00 49 00 01 00 00 00 00 00 00 00 00 00 00 00 00 00 00 00 00 00 00 00 00 00 00 00 00 00 00 00 DD 
01-Mar-24 11:28:23.542 [Tuya]   - BB 00 01 09 02 05 00 B4 ---- HB_10S_1
01-Mar-24 11:28:23.751 [aircon] - BB 01 00 09 2D 04 00 00 00 00 00 00 FF 00 00 00 00 00 FF FF 00 00 00 00 00 00 F0 FF 00 00 00 00 00 00 00 00 00 00 00 00 00 00 00 00 00 00 00 00 00 00 6A 
01-Mar-24 11:28:23.934 [Tuya]   - BB 00 01 0A 03 05 00 08 BE 

Docklight Log File (HEX) - Stopped 01-Mar-24 11:28:23.993 

